47 61
1 2 100 9920 0
2 3 100 9920 0
3 4 100 9920 0
4 5 100 9920 0
5 6 100 9920 0
6 1 100 9920 0
1 45 100 9920 0
1 47 100 9920 0
2 45 100 9920 0
3 45 100 9920 0
3 46 100 9920 0
4 46 100 9920 0
5 46 100 9920 0
6 47 100 9920 0
45 47 100 9920 0
46 47 100 9920 0
2 42 100 5000 0
3 42 100 5000 0
3 7 100 5000 0
4 7 100 5000 0
4 14 100 5000 0
5 14 100 5000 0
5 21 100 5000 0
6 21 100 5000 0
6 28 100 5000 0
1 28 100 5000 0
1 35 100 5000 0
2 35 100 5000 0
42 43 100 3000 0
43 44 100 3000 0
42 44 100 3000 0
7 8 100 3000 0
7 9 100 3000 0
7 10 100 3000 0
8 11 100 3000 0
9 12 100 3000 0
10 13 100 3000 0
14 15 100 3000 0
14 16 100 3000 0
14 17 100 3000 0
15 18 100 3000 0
16 19 100 3000 0
17 20 100 3000 0
21 22 100 3000 0
21 23 100 3000 0
21 24 100 3000 0
22 25 100 3000 0
23 26 100 3000 0
24 27 100 3000 0
28 29 100 3000 0
28 30 100 3000 0
28 31 100 3000 0
29 32 100 3000 0
30 33 100 3000 0
31 34 100 3000 0
35 36 100 3000 0
35 37 100 3000 0
35 38 100 3000 0
36 39 100 3000 0
37 40 100 3000 0
38 41 100 3000 0
1 1 1 1 1 1 1 1 1 1 1 1 1 1 1 1 1 1 1 1 1 1 1 1 1 1 1 1 1 1 1 1 1 1 1 1 1 1 1 1 1 1 1 1 1 1 1
